66666 1301  037 0001 1301 0 6               SONAMU              20130125
13010100 002 2 041 1417 1006     000                                    
13010106 002 2 044 1395 1004     000                                    
13010112 002 2 046 1372 1006     000                                    
13010118 002 2 053 1350 1006     000                                    
13010200 002 2 061 1326 1006     000                                    
13010206 002 2 067 1304 1004     000                                    
13010212 002 2 074 1284 1006     000                                    
13010218 002 2 080 1262 1004     000                                    
13010300 002 2 084 1237 1006     000                                    
13010306 002 2 084 1216 1004     000                                    
13010312 002 3 086 1196 1002     035     00000 0000 90090 0090          
13010318 002 3 085 1179 1002     035     00000 0000 70120 0090          
13010400 002 3 084 1162 1002     035     00000 0000 70120 0090          
13010406 002 3 082 1154  998     040     00000 0000 70120 0090          
13010412 002 3 081 1142  996     040     00000 0000 70120 0090          
13010418 002 3 080 1130  992     045     00000 0000 70120 0090          
13010500 002 4 079 1122  990     050     00000 0000 70120 0090          
13010506 002 4 077 1116  990     050     00000 0000 70140 0090          
13010512 002 4 075 1111  990     050     00000 0000 70150 0090          
13010518 002 4 073 1104  990     050     00000 0000 70150 0090          
13010600 002 4 073 1099  990     050     00000 0000 70140 0090          
13010606 002 3 072 1093  994     045     00000 0000 70120 0090          
13010612 002 3 071 1088  994     045     00000 0000 70120 0090          
13010618 002 3 069 1083  994     045     00000 0000 70120 0090          
13010700 002 3 065 1081  994     045     00000 0000 70120 0090          
13010706 002 3 062 1081  996     040     00000 0000 70120 0090          
13010712 002 3 060 1082  998     035     00000 0000 70120 0090          
13010718 002 3 058 1082 1000     035     00000 0000 70120 0090          
13010800 002 2 056 1085 1004     000                                    
13010806 002 2 054 1090 1006     000                                    
13010812 002 2 050 1094 1008     000                                    
13010818 002 2 046 1098 1006     000                                    
13010900 002 2 043 1104 1006     000                                    
13010906 002 2 040 1107 1006     000                                    
13010912 002 2 036 1112 1006     000                                    
13010918 002 2 032 1115 1006     000                                    
13011000 002 2 033 1120 1008     000                                    
66666 1302  020 0003 1302 0 6             SHANSHAN              20130318
13021806 002 2 050 1310 1002     000                                    
13021812 002 2 056 1293 1002     000                                    
13021818 002 2 059 1275 1002     000                                    
13021900 002 2 057 1266 1004     000                                    
13021906 002 2 053 1254 1004     000                                    
13021912 002 2 059 1242 1004     000                                    
13021918 002 2 071 1228 1004     000                                    
13022000 002 2 074 1213 1004     000                                    
13022006 002 2 075 1207 1002     000                                    
13022012 002 2 075 1200 1004     000                                    
13022018 002 2 075 1180 1004     000                                    
13022100 002 2 077 1155 1004     000                                    
13022106 002 2 070 1127 1004     000                                    
13022112 002 2 065 1116 1004     000                                    
13022118 002 3 059 1103 1002     035     00000 0000 70240 0120          
13022200 002 3 054 1101 1002     035     00000 0000 70240 0120          
13022206 002 3 052 1099 1002     035     00000 0000 70240 0120          
13022212 002 2 050 1097 1004     000                                    
13022218 002 2 047 1096 1004     000                                    
13022300 002 2 042 1093 1006     000                                    
66666 1303  039 0004 1303 0 6                 YAGI              20130716
13060618 002 2 129 1285 1006     000                                    
13060700 002 2 133 1290 1006     000                                    
13060706 002 2 138 1294 1004     000                                    
13060712 002 2 146 1296 1004     000                                    
13060718 002 2 155 1295 1004     000                                    
13060800 002 2 164 1294 1004     000                                    
13060806 002 2 170 1298 1002     000                                    
13060812 002 3 178 1301 1000     035     00000 0000 30150 0120          
13060818 002 3 187 1305  998     035     00000 0000 30150 0120          
13060900 002 3 197 1310  996     035     00000 0000 30180 0120          
13060906 002 3 205 1315  994     035     00000 0000 30180 0120          
13060912 002 3 209 1320  994     035     00000 0000 30180 0120          
13060918 002 3 213 1326  992     040     00000 0000 30180 0120          
13061000 002 3 223 1333  992     040     00000 0000 30210 0150          
13061006 002 3 234 1341  992     040     00000 0000 30210 0150          
13061012 002 3 244 1349  990     045     00000 0000 20180 0120          
13061018 002 3 259 1357  990     045     00000 0000 20180 0120          
13061100 002 3 276 1362  990     045     00000 0000 20200 0130          
13061106 002 3 291 1369  990     045     00000 0000 20200 0130          
13061112 002 3 299 1368  994     040     00000 0000 20200 0130          
13061118 002 3 305 1368  996     035     00000 0000 20180 0120          
13061200 002 3 310 1372  998     035     00000 0000 20170 0120          
13061206 002 6 311 1379 1000     000                                    
13061212 002 6 313 1387 1000     000                                    
13061218 002 6 318 1395 1002     000                                    
13061300 002 6 324 1392 1004     000                                    
13061306 002 6 322 1395 1004     000                                    
13061312 002 6 316 1392 1006     000                                    
13061318 002 6 311 1393 1006     000                                    
13061400 002 6 310 1392 1008     000                                    
13061406 002 6 308 1394 1008     000                                    
13061412 002 6 307 1395 1010     000                                    
13061418 002 6 307 1397 1008     000                                    
13061500 002 6 307 1400 1010     000                                    
13061506 002 6 307 1403 1008     000                                    
13061512 002 6 306 1412 1008     000                                    
13061518 002 6 308 1417 1006     000                                    
13061600 002 6 308 1419 1006     000                                    
13061606 002 6 313 1428 1004     000                                    
66666 1304  034 0005 1304 0 6                LEEPI              20130716
13061606 002 2 120 1282 1004     000                                    
13061612 002 2 126 1276 1004     000                                    
13061618 002 2 129 1271 1002     000                                    
13061700 002 2 133 1269 1002     000                                    
13061706 002 2 139 1268 1000     000                                    
13061712 002 2 145 1266 1000     000                                    
13061718 002 2 155 1266  998     000                                    
13061800 002 3 166 1266  998     035     00000 0000 10325 0180          
13061806 002 3 177 1266  996     035     00000 0000 10325 0180          
13061812 002 3 189 1262  996     035     00000 0000 10325 0180          
13061818 002 3 197 1257  994     040     00000 0000 10325 0180          
13061900 002 3 210 1253  994     040     00000 0000 20325 0180          
13061906 002 3 223 1252  994     040     00000 0000 20325 0180          
13061912 002 3 241 1254  994     040     00000 0000 30350 0150          
13061915 002 3 246 1253  994     040     00000 0000 30350 0150          
13061918 002 3 252 1249  994     040     00000 0000 30350 0150          
13061921 002 3 261 1249  994     040     00000 0000 30350 0150          
13062000 002 3 268 1248  994     040     00000 0000 30350 0150          
13062006 002 3 285 1252  994     040     00000 0000 30350 0150          
13062012 002 3 300 1257  996     035     00000 0000 30300 0150          
13062018 002 3 310 1263  998     035     00000 0000 30250 0150          
13062021 002 3 318 1270  998     035     00000 0000 30250 0150          
13062100 002 6 320 1270 1002     000                                    
13062106 002 6 328 1299 1002     000                                    
13062112 002 6 324 1357 1004     000                                    
13062118 002 6 327 1401 1000     000                                    
13062200 002 6 334 1459 1000     000                                    
13062206 002 6 342 1501 1000     000                                    
13062212 002 6 350 1535 1000     000                                    
13062218 002 6 366 1572 1000     000                                    
13062300 002 6 381 1610 1000     000                                    
13062306 002 6 431 1704 1004     000                                    
13062312 002 6 445 1740 1004     000                                    
13062318 002 6 460 1779 1008     000                                    
66666 1305  019 0006 1305 0 6              BEBINCA              20130716
13061918 002 2 148 1169 1002     000                                    
13062000 002 2 157 1174 1002     000                                    
13062006 002 2 164 1176 1000     000                                    
13062012 002 2 172 1174 1000     000                                    
13062018 002 3 176 1168  998     035     00000 0000 20120 0100          
13062100 002 3 180 1162  998     035     00000 0000 20120 0100          
13062106 002 3 184 1155  996     035     00000 0000 20150 0120          
13062112 002 3 188 1143  996     035     00000 0000 20150 0120          
13062118 002 3 192 1128  994     035     00000 0000 20150 0120          
13062200 002 3 192 1114  990     040     00000 0000 20150 0120          
13062206 002 3 191 1102  990     040     00000 0000 20150 0120          
13062212 002 3 190 1087  990     040     00000 0000 30150 0120          
13062218 002 3 192 1078  992     040     00000 0000 20150 0120          
13062300 002 3 193 1073  992     035     00000 0000 90120 0120          
13062306 002 3 198 1070  994     035     00000 0000 90120 0120          
13062312 002 3 204 1066  994     035     00000 0000 90120 0120          
13062318 002 3 207 1064  996     035     00000 0000 90120 0120          
13062400 002 3 210 1064  998     035     00000 0000 90100 0100          
13062406 002 2 216 1066 1000     000                                    
66666 1306  023 0007 1306 0 6               RUMBIA              20130724
13062700 002 2 091 1325 1008     000                                    
13062706 002 2 091 1320 1006     000                                    
13062712 002 2 090 1315 1006     000                                    
13062718 002 2 089 1305 1004     000                                    
13062800 002 2 095 1293 1006     000                                    
13062806 002 2 100 1285 1006     000                                    
13062812 002 3 103 1280 1002     035     00000 0000 90090 0090          
13062818 002 3 115 1262 1002     035     00000 0000 90090 0090          
13062900 002 3 117 1250 1002     035     00000 0000 90110 0110          
13062906 002 3 129 1241 1002     035     00000 0000 90110 0110          
13062912 002 3 137 1228 1002     035     00000 0000 90110 0110          
13062918 002 3 139 1211 1000     035     00000 0000 90110 0110          
13063000 002 3 146 1197 1000     035     00000 0000 90120 0120          
13063006 002 3 153 1186  996     040     00000 0000 90120 0120          
13063012 002 3 164 1172  994     040     00000 0000 90150 0150          
13063018 002 3 175 1156  990     045     00000 0000 90150 0150          
13070100 002 3 183 1139  990     045     00000 0000 20180 0150          
13070106 002 4 190 1126  985     050     00000 0000 20180 0150          
13070112 002 4 198 1116  985     050     00000 0000 20180 0150          
13070118 002 3 206 1105  990     045     00000 0000 20120 0090          
13070200 002 3 214 1100  992     045     00000 0000 20120 0090          
13070206 002 3 231 1090  996     035     00000 0000 90090 0090          
13070212 002 2 240 1084 1000     000                                    
66666 1307  037 0008 1307 0 6               SOULIK              20130802
13070700 002 2 190 1510 1010     000                                    
13070706 002 2 191 1493 1010     000                                    
13070712 002 2 191 1479 1010     000                                    
13070718 002 2 189 1465 1006     000                                    
13070800 002 3 189 1454 1002     035     00000 0000 80210 0180          
13070806 002 3 190 1439  994     045     00000 0000 80240 0210          
13070812 002 4 192 1427  985     050     00000 0000 80240 0210          
13070818 002 4 194 1415  975     060     90040 0040 80240 0210          
13070900 002 5 196 1404  970     065     90060 0060 90240 0240          
13070906 002 5 200 1394  955     080     90070 0070 90240 0240          
13070912 002 5 203 1381  945     085     90080 0080 90240 0240          
13070918 002 5 207 1371  935     090     90090 0090 90240 0240          
13071000 002 5 211 1358  925     100     90100 0100 10270 0240          
13071006 002 5 214 1348  925     100     90100 0100 10270 0240          
13071012 002 5 218 1335  925     100     90100 0100 10270 0240          
13071018 002 5 219 1323  930     095     90100 0100 10270 0240          
13071100 002 5 221 1309  935     090     90100 0100 10270 0240          
13071106 002 5 224 1298  940     090     90100 0100 10270 0240          
13071112 002 5 224 1284  940     090     10120 0090 10270 0240          
13071115 002 5 225 1277  940     090     10120 0090 10270 0240          
13071118 002 5 226 1270  940     090     10120 0080 10270 0240          
13071121 002 5 226 1265  940     090     10120 0080 10270 0240          
13071200 002 5 228 1259  950     080     10120 0080 10300 0210          
13071203 002 5 230 1254  950     080     10120 0080 10300 0210          
13071206 002 5 232 1249  950     080     10120 0080 10300 0210          
13071209 002 5 236 1243  950     080     10120 0080 10300 0210          
13071212 002 5 239 1239  950     080     10120 0080 10300 0240          
13071215 002 5 243 1231  945     085     10120 0080 10300 0240          
13071218 002 5 248 1223  950     080     10120 0080 20300 0240          
13071221 002 5 248 1214  960     075     20160 0100 20350 0240          
13071300 002 4 250 1212  970     060     20160 0100 20350 0240          
13071306 002 4 259 1199  980     055     20120 0060 20250 0150          
13071312 002 4 262 1183  990     050     00000 0000 20200 0150          
13071318 002 3 270 1172  994     040     00000 0000 20180 0100          
13071400 002 2 280 1162  998     000                                    
13071406 002 2 292 1158  998     000                                    
13071412 002 2 307 1157 1000     000                                    
66666 1308  015 0009 1308 0 6              CIMARON              20130813
13071506 002 2 140 1269 1006     000                                    
13071512 002 2 142 1262 1008     000                                    
13071518 002 2 146 1256 1006     000                                    
13071600 002 2 148 1250 1006     000                                    
13071606 002 2 156 1244 1004     000                                    
13071612 002 2 164 1238 1004     000                                    
13071618 002 2 172 1232 1004     000                                    
13071700 002 3 187 1221 1002     035     00000 0000 90060 0060          
13071706 002 3 193 1209 1002     035     00000 0000 90090 0090          
13071712 002 3 197 1200 1002     035     00000 0000 90090 0090          
13071718 002 3 207 1190 1000     040     00000 0000 10100 0080          
13071800 002 3 216 1179 1000     040     00000 0000 10100 0080          
13071806 002 3 224 1175 1000     040     00000 0000 20100 0080          
13071812 002 3 229 1176 1002     035     00000 0000 20100 0080          
13071818 002 2 235 1179 1004     000                                    
66666 1309   24 0011 1309 0 6                 JEBI              20130820
13072818 002 2 131 1233 1006     000                                    
13072900 002 2 132 1224 1008     000                                    
13072906 002 2 134 1216 1006     000                                    
13072912 002 2 136 1209 1006     000                                    
13072918 002 2 137 1201 1004     000                                    
13073000 002 2 138 1195 1004     000                                    
13073006 002 2 140 1184 1002     000                                    
13073012 002 2 143 1175 1002     000                                    
13073018 002 2 146 1170 1002     000                                    
13073100 002 3 147 1163 1000     035     00000 0000 90120 0120          
13073106 002 3 148 1157  998     035     00000 0000 90120 0120          
13073112 002 3 151 1150  994     035     00000 0000 90180 0180          
13073118 002 3 153 1145  994     035     00000 0000 30250 0150          
13080100 002 3 156 1138  994     035     00000 0000 30250 0150          
13080106 002 3 161 1135  994     035     00000 0000 30250 0150          
13080112 002 3 164 1132  992     040     00000 0000 30250 0150          
13080118 002 3 168 1128  990     040     00000 0000 30250 0150          
13080200 002 3 177 1125  990     040     00000 0000 30180 0120          
13080206 002 4 188 1118  985     050     00000 0000 30180 0120          
13080212 002 4 197 1111  985     050     00000 0000 30180 0120          
13080218 002 4 203 1094  985     050     00000 0000 30180 0100          
13080300 002 4 210 1079  985     050     00000 0000 20180 0100          
13080306 002 3 216 1065  990     040     00000 0000 20150 0090          
13080312 002 2 220 1045  998     000                                    
66666 1310  013 0012 1310 0 6             MANGKHUT              20130820
13080500 002 2 107 1177 1006     000                                    
13080506 002 2 114 1169 1004     000                                    
13080512 002 2 120 1155 1004     000                                    
13080518 002 2 131 1135 1004     000                                    
13080600 002 2 140 1128 1002     000                                    
13080606 002 2 151 1118 1002     000                                    
13080612 002 3 158 1108  998     035     00000 0000 90120 0120          
13080618 002 3 171 1095  996     035     00000 0000 90120 0120          
13080700 002 3 181 1083  994     040     00000 0000 90120 0120          
13080706 002 3 187 1068  992     040     00000 0000 90120 0120          
13080712 002 3 190 1064  994     040     00000 0000 90120 0120          
13080718 002 3 197 1054  996     035     00000 0000 20120 0080          
13080800 002 2 200 1042 1000     000                                    
66666 1311  040 0013 1311 0 6                 UTOR              20130910
13080812 002 2 121 1366 1008     000                                    
13080818 002 2 126 1358 1006     000                                    
13080900 002 2 133 1350 1006     000                                    
13080906 002 2 135 1336 1004     000                                    
13080912 002 2 135 1326 1004     000                                    
13080918 002 3 135 1317 1002     035     00000 0000 90100 0100          
13081000 002 3 136 1306  992     045     00000 0000 90120 0120          
13081006 002 5 139 1292  965     070     90050 0050 90120 0120          
13081012 002 5 140 1282  955     080     90060 0060 90120 0120          
13081018 002 5 142 1270  955     080     90070 0070 90150 0150          
13081100 002 5 145 1259  950     085     90070 0070 90150 0150          
13081106 002 5 151 1248  940     090     90070 0070 90150 0150          
13081112 002 5 155 1235  925     105     90070 0070 90150 0150          
13081118 002 5 161 1222  935     095     90070 0070 90150 0150          
13081200 002 5 167 1208  955     075     90070 0070 90150 0150          
13081206 002 5 172 1192  965     070     90070 0070 90150 0150          
13081212 002 5 179 1180  965     070     90070 0070 90200 0200          
13081218 002 5 180 1165  965     070     90070 0070 90200 0200          
13081300 002 5 183 1152  960     070     90070 0070 90200 0200          
13081306 002 5 188 1141  960     070     90070 0070 90200 0200          
13081312 002 5 192 1135  960     070     90070 0070 90200 0200          
13081318 002 5 196 1129  960     070     90070 0070 90200 0200          
13081400 002 5 206 1122  960     070     90070 0070 20200 0160          
13081406 002 5 216 1120  965     065     90060 0060 20200 0160          
13081412 002 4 220 1113  975     060     90030 0030 20200 0120          
13081418 002 3 225 1112  985     045     00000 0000 20200 0100          
13081500 002 3 231 1110  994     035     00000 0000 20200 0100          
13081506 002 3 237 1110  994     035     00000 0000 20200 0100          
13081512 002 2 242 1112  996     000                                    
13081518 002 2 245 1114  996     000                                    
13081600 002 2 247 1116  996     000                                    
13081606 002 2 248 1115  996     000                                    
13081612 002 2 248 1112  996     000                                    
13081618 002 2 247 1108  996     000                                    
13081700 002 2 244 1103  996     000                                    
13081706 002 2 239 1101  996     000                                    
13081712 002 2 235 1099  996     000                                    
13081718 002 2 232 1096  996     000                                    
13081800 002 2 232 1094  998     000                                    
13081806 002 2 231 1091  998     000                                    
66666 1312  035 0014 1312 0 6                TRAMI              20130924
13081612 002 2 225 1234 1002     000                                    
13081618 002 2 220 1240 1000     000                                    
13081700 002 2 212 1249 1000     000                                    
13081706 002 2 207 1257  998     000                                    
13081712 002 2 205 1265 1000     000                                    
13081718 002 2 204 1269  996     000                                    
13081800 002 3 203 1270  994     035     00000 0000 90090 0090          
13081806 002 3 202 1272  994     035     00000 0000 90090 0090          
13081812 002 3 197 1274  994     035     00000 0000 90090 0090          
13081818 002 3 192 1276  992     040     00000 0000 40120 0060          
13081900 002 3 192 1277  992     040     00000 0000 40120 0060          
13081906 002 3 197 1281  992     040     00000 0000 40120 0060          
13081912 002 3 205 1286  990     045     00000 0000 40150 0060          
13081918 002 4 211 1287  985     050     00000 0000 40150 0090          
13082000 002 4 223 1285  985     050     00000 0000 40180 0090          
13082006 002 4 226 1278  980     055     90030 0030 30240 0150          
13082012 002 4 229 1268  980     055     90030 0030 20240 0150          
13082015 002 4 236 1267  980     055     90030 0030 20240 0150          
13082018 002 4 245 1262  970     060     90030 0030 20240 0150          
13082021 002 4 249 1253  965     060     90030 0030 20240 0150          
13082100 002 4 252 1243  965     060     90030 0030 20240 0150          
13082103 002 4 253 1236  965     060     90030 0030 20240 0180          
13082106 002 4 255 1228  965     060     90030 0030 30280 0180          
13082112 002 4 259 1210  965     060     90050 0050 20325 0180          
13082118 002 4 257 1196  965     060     90050 0050 20325 0180          
13082200 002 4 260 1184  980     050     00000 0000 20325 0180          
13082206 002 3 268 1171  985     040     00000 0000 20325 0180          
13082212 002 3 275 1160  990     035     00000 0000 20325 0180          
13082218 002 2 277 1147  990     000                                    
13082300 002 2 278 1135  992     000                                    
13082306 002 2 278 1127  994     000                                    
13082312 002 2 271 1117  996     000                                    
13082318 002 2 260 1105  998     000                                    
13082400 002 2 253 1085  998     000                                    
13082406 002 2 243 1073  998     000                                    
66666 1313  035 0016 1313 0 6                 PEWA              20130927
13081806 002 7 120 1804  996     045     00000 0000 90090 0090          
13081812 002 3 124 1797  996     045     00000 0000 90090 0090          
13081818 002 3 127 1790  996     045     00000 0000 90090 0090          
13081900 002 4 133 1784  990     055     90020 0020 90090 0090          
13081906 002 4 138 1778  990     055     90020 0020 90090 0090          
13081912 002 4 143 1771  990     055     90020 0020 90090 0090          
13081918 002 3 148 1765  996     045     00000 0000 90090 0090          
13082000 002 3 153 1756  996     045     00000 0000 80090 0070          
13082006 002 3 162 1748  998     040     00000 0000 80090 0070          
13082012 002 3 172 1738  998     040     00000 0000 80090 0070          
13082018 002 3 180 1728  998     040     00000 0000 80090 0070          
13082100 002 3 186 1718 1000     035     00000 0000 10090 0070          
13082106 002 3 194 1712 1000     035     00000 0000 10120 0050          
13082112 002 3 202 1705 1004     035     00000 0000 10120 0050          
13082118 002 3 213 1701 1004     035     00000 0000 10120 0050          
13082200 002 3 222 1697 1004     035     00000 0000 10120 0050          
13082206 002 3 232 1696 1004     035     00000 0000 10120 0050          
13082212 002 3 242 1693 1004     035     00000 0000 10120 0050          
13082218 002 3 252 1689 1004     035     00000 0000 10120 0050          
13082300 002 3 258 1685 1004     035     00000 0000 10120 0050          
13082306 002 3 264 1685 1004     035     00000 0000 10120 0050          
13082312 002 3 268 1689 1004     035     00000 0000 10120 0050          
13082318 002 3 272 1693 1004     035     00000 0000 10120 0050          
13082400 002 3 275 1693 1004     035     00000 0000 10120 0050          
13082406 002 3 279 1688 1004     035     00000 0000 10120 0050          
13082412 002 3 282 1681 1004     035     00000 0000 10120 0050          
13082418 002 3 283 1675 1004     035     00000 0000 10150 0060          
13082500 002 2 285 1669 1004     000                                    
13082506 002 2 287 1662 1002     000                                    
13082512 002 2 290 1660 1004     000                                    
13082518 002 2 296 1658 1004     000                                    
13082600 002 2 308 1653 1004     000                                    
13082606 002 2 320 1653 1004     000                                    
13082612 002 2 334 1656 1004     000                                    
13082618 002 2 352 1658 1004     000                                    
66666 1314  003 0017 1314 0 6                UNALA              20130927
13081900 002 7 170 1823 1000     035     00000 0000 90040 0040          
13081906 002 3 175 1800 1000     035     00000 0000 90040 0040          
13081912 002 2 175 1792 1004     000                                    
66666 1315  026 0018 1315 0 6             KONG-REY              20130927
13082500 002 2 113 1290 1004     000                                    
13082506 002 2 121 1287 1002     000                                    
13082512 002 2 135 1281 1002     000                                    
13082518 002 2 148 1270 1002     000                                    
13082600 002 2 154 1261 1002     000                                    
13082606 002 3 160 1253 1000     035     00000 0000 90120 0120          
13082612 002 3 169 1242  998     035     00000 0000 90120 0120          
13082618 002 3 176 1238  996     040     00000 0000 30150 0120          
13082700 002 3 184 1240  996     040     00000 0000 30180 0120          
13082706 002 3 194 1239  996     040     00000 0000 30180 0120          
13082712 002 3 200 1235  992     045     00000 0000 30180 0120          
13082718 002 3 204 1231  990     045     00000 0000 30180 0120          
13082800 002 4 208 1228  985     050     00000 0000 30200 0120          
13082806 002 4 219 1227  985     050     00000 0000 30200 0150          
13082809 002 4 224 1227  985     050     00000 0000 30200 0150          
13082812 002 4 228 1225  980     055     90030 0030 30200 0120          
13082815 002 4 232 1224  980     055     30040 0020 40200 0120          
13082818 002 4 239 1225  980     055     30040 0020 40200 0120          
13082821 002 4 246 1225  985     050     00000 0000 40200 0120          
13082900 002 3 252 1225  992     040     00000 0000 30180 0090          
13082903 002 3 257 1225  996     035     00000 0000 30180 0090          
13082906 002 3 259 1223  996     035     00000 0000 30180 0090          
13082912 002 3 267 1221  996     035     00000 0000 30180 0090          
13082918 002 3 272 1225  996     035     00000 0000 30180 0090          
13083000 002 2 287 1235  998     000                                    
13083006 002 2 299 1245 1000     000                                    
66666 1316  030 0019 1316 0 6                 YUTU              20131001
13082900 002 2 292 1691 1008     000                                    
13082906 002 2 290 1692 1008     000                                    
13082912 002 2 289 1692 1008     000                                    
13082918 002 2 287 1693 1006     000                                    
13083000 002 2 285 1694 1006     000                                    
13083006 002 2 281 1696 1004     000                                    
13083012 002 2 277 1704 1004     000                                    
13083018 002 2 281 1714 1004     000                                    
13083100 002 2 288 1726 1004     000                                    
13083106 002 2 300 1736 1004     000                                    
13083112 002 2 311 1746 1002     000                                    
13083118 002 2 320 1755 1002     000                                    
13090100 002 3 325 1762 1002     035     00000 0000 30210 0120          
13090106 002 3 335 1766 1002     035     00000 0000 30210 0120          
13090112 002 3 336 1768 1002     035     00000 0000 30210 0120          
13090118 002 2 337 1769 1002     000                                    
13090200 002 2 337 1770 1004     000                                    
13090206 002 2 337 1772 1004     000                                    
13090212 002 2 335 1773 1004     000                                    
13090218 002 2 334 1774 1004     000                                    
13090300 002 2 331 1773 1004     000                                    
13090306 002 2 328 1772 1006     000                                    
13090312 002 2 323 1770 1006     000                                    
13090318 002 2 322 1767 1008     000                                    
13090400 002 2 321 1763 1008     000                                    
13090406 002 2 318 1756 1008     000                                    
13090412 002 2 316 1748 1012     000                                    
13090418 002 2 313 1737 1012     000                                    
13090500 002 2 311 1730 1012     000                                    
13090506 002 2 310 1720 1012     000                                    
66666 1317  024 0020 1317 0 6               TORAJI              20131001
13083100 002 2 256 1215 1004     000                                    
13083106 002 2 248 1219 1004     000                                    
13083112 002 2 247 1224 1006     000                                    
13083118 002 2 250 1228 1004     000                                    
13090100 002 2 253 1233 1006     000                                    
13090106 002 2 257 1238 1004     000                                    
13090112 002 2 260 1243 1004     000                                    
13090118 002 3 263 1248 1000     035     00000 0000 90090 0090          
13090200 002 3 266 1255  996     040     00000 0000 90090 0090          
13090206 002 3 272 1261  994     045     00000 0000 90100 0100          
13090212 002 3 277 1266  992     045     00000 0000 90100 0100          
13090218 002 3 281 1271  990     045     00000 0000 30100 0075          
13090300 002 4 286 1275  985     050     00000 0000 30100 0075          
13090306 002 4 294 1282  985     050     00000 0000 30100 0075          
13090312 002 4 300 1292  985     050     00000 0000 90100 0100          
13090315 002 4 305 1298  985     050     00000 0000 90120 0120          
13090318 002 4 314 1305  985     050     00000 0000 90120 0120         #
13090321 002 3 318 1312  996     040     00000 0000 90120 0120          
13090400 002 6 329 1328 1000     000                                    
13090406 002 6 329 1335 1002     000                                    
13090412 002 6 325 1340 1006     000                                    
13090418 002 6 328 1359 1006     000                                    
13090500 002 6 335 1366 1010     000                                    
13090506 002 6 339 1377 1010     000                                    
66666 1318  041 0022 1318 0 6               MAN-YI              20131015
13091118 002 2 197 1481 1008     000                                    
13091200 002 2 203 1469 1008     000                                    
13091206 002 2 207 1456 1008     000                                    
13091212 002 2 210 1450 1008     000                                    
13091218 002 2 210 1440 1004     000                                    
13091300 002 3 220 1421  998     035     00000 0000 10270 0170          
13091306 002 3 233 1407  994     035     00000 0000 10270 0170          
13091312 002 3 235 1400  994     035     00000 0000 10280 0200          
13091318 002 3 236 1387  990     040     00000 0000 10280 0200          
13091400 002 3 240 1373  990     045     00000 0000 10280 0240          
13091406 002 4 250 1365  985     050     00000 0000 10280 0240          
13091412 002 4 261 1358  985     050     00000 0000 10280 0240          
13091418 002 4 274 1350  985     050     00000 0000 10280 0240          
13091500 002 4 287 1343  980     050     00000 0000 20280 0260          
13091506 002 4 300 1345  975     050     00000 0000 20280 0260          
13091512 002 5 315 1350  960     065     90060 0060 20280 0260          
13091515 002 5 321 1353  960     065     90060 0060 20280 0260          
13091518 002 5 329 1360  960     065     90080 0080 20280 0260          
13091521 002 5 339 1369  960     065     30100 0060 20280 0260          
13091522 002 4 345 1373  965     060     30100 0060 20280 0260         #
13091600 002 4 353 1377  975     060     30090 0060 20300 0260          
13091603 002 4 363 1389  985     050     00000 0000 20300 0260          
13091606 002 4 384 1411  985     050     00000 0000 40350 0280          
13091609 002 4 405 1430  985     050     00000 0000 40350 0280          
13091612 002 6 420 1450  980     000                                    
13091618 002 6 456 1500  978     000                                    
13091700 002 6 491 1539  972     000                                    
13091706 002 6 522 1562  964     000                                    
13091712 002 6 550 1560  964     000                                    
13091718 002 6 562 1567  960     000                                    
13091800 002 6 572 1575  966     000                                    
13091806 002 6 580 1604  970     000                                    
13091812 002 6 590 1619  976     000                                    
13091818 002 6 594 1637  980     000                                    
13091900 002 6 597 1630  984     000                                    
13091906 002 6 609 1631  988     000                                    
13091912 002 6 598 1644  996     000                                    
13091918 002 6 598 1656  996     000                                    
13092000 002 6 595 1667  998     000                                    
13092006 002 6 591 1700  998     000                                    
13092012 002 6 589 1686  998     000                                    
66666 1319  033 0023 1319 0 6                USAGI              20131023
13091600 002 2 173 1320 1006     000                                    
13091606 002 2 173 1323 1002     000                                    
13091612 002 2 170 1324 1002     000                                    
13091618 002 3 170 1321 1000     035     00000 0000 50200 0100          
13091700 002 3 170 1319 1000     035     00000 0000 50200 0100          
13091706 002 3 172 1314  998     035     00000 0000 50200 0100          
13091712 002 3 172 1311  994     040     00000 0000 90150 0150          
13091718 002 3 172 1307  990     045     00000 0000 90150 0150          
13091800 002 4 170 1305  985     050     00000 0000 90180 0180          
13091806 002 4 171 1302  980     055     90050 0050 90180 0180          
13091812 002 5 173 1296  970     065     90060 0060 90240 0240          
13091818 002 5 171 1286  960     070     90060 0060 90240 0240          
13091900 002 5 169 1283  950     080     90060 0060 90280 0280          
13091906 002 5 175 1280  925     095     90060 0060 90280 0280          
13091912 002 5 181 1273  915     105     90080 0080 90300 0300          
13091918 002 5 187 1264  910     110     90090 0090 90300 0300          
13092000 002 5 193 1255  910     110     90090 0090 90300 0300          
13092006 002 5 197 1246  910     110     90090 0090 90300 0300          
13092012 002 5 201 1238  910     110     90090 0090 90300 0300          
13092018 002 5 204 1226  915     105     90090 0090 90300 0300          
13092100 002 5 206 1218  920     100     90100 0100 80300 0270          
13092106 002 5 208 1208  925     090     90100 0100 80300 0240          
13092112 002 5 211 1197  930     085     90100 0100 80300 0240          
13092118 002 5 214 1189  935     085     90090 0090 10270 0210          
13092200 002 5 218 1179  935     085     90090 0090 10230 0170          
13092206 002 5 224 1168  935     085     90090 0090 10230 0170          
13092212 002 5 229 1154  940     080     90080 0080 20210 0150          
13092218 002 4 231 1139  975     050     00000 0000 20210 0150          
13092300 002 3 236 1125  990     040     00000 0000 20180 0120          
13092306 002 2 243 1112  996     000                                    
13092312 002 2 246 1102  998     000                                    
13092318 002 2 249 1094 1000     000                                    
13092400 002 2 251 1085 1004     000                                    
66666 1320  040 0025 1320 1 0                PABUK              20131023
13091906 002 2 140 1485 1004     000                                    
13091912 002 2 149 1490 1002     000                                    
13091918 002 2 158 1493 1002     000                                    
13092000 002 2 169 1497 1002     000                                    
13092006 002 2 186 1495 1002     000                                    
13092012 002 2 193 1482 1002     000                                    
13092018 002 2 197 1468 1000     000                                    
13092100 002 2 197 1459  998     000                                    
13092106 002 3 198 1452  996     035     00000 0000 20300 0150          
13092112 002 3 200 1447  992     040     00000 0000 20300 0150          
13092118 002 3 206 1441  990     040     00000 0000 10300 0200          
13092200 002 3 213 1433  990     045     00000 0000 10300 0200          
13092206 002 4 220 1427  985     050     00000 0000 10300 0200          
13092212 002 4 225 1419  980     050     00000 0000 10300 0200          
13092218 002 4 232 1416  975     050     00000 0000 10300 0200          
13092300 002 4 238 1416  975     050     00000 0000 10300 0200          
13092306 002 4 248 1412  970     055     20090 0060 10300 0200          
13092312 002 4 251 1408  970     055     20090 0060 10300 0200          
13092318 002 4 253 1405  970     055     20090 0060 10300 0200          
13092400 002 4 258 1399  970     055     90060 0060 20270 0210          
13092406 002 4 262 1394  970     055     90060 0060 20270 0210          
13092412 002 4 267 1389  965     060     90060 0060 20270 0210          
13092418 002 4 275 1387  965     060     90060 0060 20270 0210          
13092500 002 4 284 1388  965     060     90060 0060 20240 0210          
13092506 002 4 293 1390  965     060     90060 0060 20240 0210          
13092512 002 4 302 1401  965     060     90060 0060 20240 0210          
13092518 002 4 310 1416  965     060     90060 0060 20240 0210          
13092600 002 4 322 1435  965     060     90060 0060 20240 0210          
13092606 002 4 338 1452  970     060     20090 0060 20240 0210          
13092612 002 4 350 1472  970     060     20090 0060 20240 0210          
13092618 002 4 369 1498  975     060     90090 0090 90210 0210          
13092700 002 6 399 1527  980     000                                    
13092706 002 6 422 1564  984     000                                    
13092712 002 6 450 1600  988     000                                    
13092718 002 6 470 1629  990     000                                    
13092800 002 6 476 1639  996     000                                    
13092806 002 6 488 1674 1000     000                                    
13092812 002 6 494 1718 1002     000                                    
13092818 002 6 496 1773 1008     000                                    
13092900 002 6 493 1815 1012     000                                    
66666 1321  022 0026 1321 0 6                WUTIP              20131028
13092518 002 2 148 1184 1006     000                                    
13092600 002 2 147 1176 1006     000                                    
13092606 002 2 145 1179 1004     000                                    
13092612 002 2 151 1181 1006     000                                    
13092618 002 2 156 1178 1004     000                                    
13092700 002 2 162 1174 1004     000                                    
13092706 002 3 168 1163 1000     035     00000 0000 80150 0090          
13092712 002 3 168 1153 1000     035     00000 0000 80180 0090          
13092718 002 3 166 1147  994     040     00000 0000 80180 0090          
13092800 002 4 163 1142  985     050     00000 0000 80180 0090          
13092806 002 4 167 1140  975     060     90040 0040 80210 0090          
13092812 002 5 169 1139  970     065     90050 0050 80210 0120          
13092818 002 5 168 1134  970     065     90050 0050 80210 0120          
13092900 002 5 168 1125  970     065     90050 0050 80180 0120          
13092906 002 5 167 1118  965     065     90050 0050 80180 0120          
13092912 002 5 169 1111  965     065     90050 0050 80180 0120          
13092918 002 5 168 1101  965     065     90050 0050 80180 0120          
13093000 002 5 172 1087  965     065     90050 0050 80180 0120          
13093006 002 5 175 1075  970     065     90050 0050 80180 0120          
13093012 002 4 178 1059  975     060     90040 0040 80180 0120          
13093018 002 3 179 1038  994     040     00000 0000 10180 0120          
13100100 002 2 180 1015 1006     000                                    
66666 1322  019 0027 1322 0 6                SEPAT              20131028
13092906 002 2 264 1515 1002     000                                    
13092912 002 2 263 1500 1002     000                                    
13092918 002 2 263 1482 1002     000                                    
13093000 002 3 264 1468 1000     035     00000 0000 20150 0120          
13093006 002 3 270 1453  998     035     00000 0000 20150 0120          
13093012 002 3 278 1438  996     040     00000 0000 20150 0120          
13093018 002 3 285 1426  994     040     00000 0000 20150 0120          
13100100 002 3 292 1420  994     040     00000 0000 20150 0120          
13100106 002 3 299 1416  994     040     00000 0000 20150 0120          
13100112 002 3 312 1413  994     040     00000 0000 20150 0120          
13100118 002 3 323 1413  994     040     00000 0000 20150 0120          
13100200 002 3 339 1416  994     040     00000 0000 20180 0120          
13100206 002 3 354 1419  992     040     00000 0000 20180 0120          
13100212 002 3 375 1433  992     040     00000 0000 20180 0120          
13100218 002 6 400 1460  990     000                                    
13100300 002 6 438 1493  990     000                                    
13100306 002 6 484 1537  996     000                                    
13100312 002 6 508 1564 1000     000                                    
13100318 002 6 534 1610 1004     000                                    
66666 1323  039 0028 1323 0 6                FITOW              20131101
13092906 002 2 103 1350 1000     000                                    
13092912 002 2 104 1343 1002     000                                    
13092918 002 2 108 1338 1000     000                                    
13093000 002 2 118 1333 1002     000                                    
13093006 002 2 127 1330 1000     000                                    
13093012 002 2 134 1326 1000     000                                    
13093018 002 3 138 1322  996     035     00000 0000 40150 0120          
13100100 002 3 145 1318  996     035     00000 0000 40150 0120          
13100106 002 3 152 1315  994     035     00000 0000 40150 0120          
13100112 002 3 161 1312  990     045     00000 0000 90150 0150          
13100118 002 3 172 1311  990     045     00000 0000 90150 0150          
13100200 002 4 176 1306  985     050     00000 0000 90150 0150          
13100206 002 4 183 1302  985     050     00000 0000 90150 0150          
13100212 002 4 189 1299  985     050     00000 0000 90150 0150          
13100218 002 4 195 1298  985     050     00000 0000 90150 0150          
13100300 002 4 200 1298  985     050     00000 0000 70180 0150          
13100306 002 4 207 1296  980     055     90060 0060 70180 0150          
13100312 002 4 212 1297  980     055     90060 0060 70180 0150          
13100318 002 4 216 1299  975     060     90060 0060 70180 0150          
13100400 002 4 221 1298  975     060     90060 0060 70210 0180          
13100406 002 4 227 1295  975     060     90060 0060 70210 0180          
13100412 002 5 232 1291  965     070     90070 0070 80270 0180          
13100418 002 5 237 1285  960     075     90080 0080 80270 0180          
13100421 002 5 241 1282  960     075     90080 0080 80270 0180          
13100500 002 5 244 1276  960     075     90090 0090 80270 0180          
13100503 002 5 245 1273  960     075     90090 0090 80270 0180          
13100506 002 5 247 1267  960     075     90100 0100 80270 0180          
13100509 002 5 251 1264  960     075     90100 0100 80270 0180          
13100512 002 5 250 1258  960     075     90100 0100 80270 0180          
13100515 002 5 252 1255  960     075     90100 0100 80270 0180          
13100518 002 5 252 1249  960     075     90100 0100 80270 0180          
13100521 002 5 255 1244  960     075     90100 0100 80270 0180          
13100600 002 5 256 1237  965     070     90090 0090 80240 0180          
13100603 002 5 258 1233  965     070     90080 0080 80240 0180          
13100606 002 5 260 1228  965     070     90080 0080 80240 0180          
13100612 002 5 267 1217  975     065     90070 0070 80240 0180          
13100618 002 4 270 1202  975     060     90050 0050 80210 0120          
13100700 002 3 270 1188  996     040     00000 0000 80170 0120          
13100706 002 2 269 1179 1002     000                                    
66666 1324  043 0029 1324 0 6                DANAS              20131118
13100100 002 2 181 1515 1008     000                                    
13100106 002 2 179 1516 1008     000                                    
13100112 002 2 177 1518 1008     000                                    
13100118 002 2 174 1517 1008     000                                    
13100200 002 2 174 1513 1008     000                                    
13100206 002 2 173 1506 1006     000                                    
13100212 002 2 170 1503 1006     000                                    
13100218 002 2 167 1501 1004     000                                    
13100300 002 2 164 1499 1004     000                                    
13100306 002 2 160 1496 1002     000                                    
13100312 002 2 157 1487 1002     000                                    
13100318 002 2 159 1477 1002     000                                    
13100400 002 2 164 1469 1002     000                                    
13100406 002 3 169 1460 1000     035     00000 0000 10120 0090          
13100412 002 3 173 1450 1000     035     00000 0000 10120 0090          
13100418 002 3 179 1440  996     040     00000 0000 10180 0120          
13100500 002 3 182 1423  994     040     00000 0000 10180 0120          
13100506 002 3 188 1411  992     045     00000 0000 10180 0120          
13100512 002 4 193 1397  985     055     90050 0050 10180 0120          
13100518 002 4 203 1381  975     060     90050 0050 10180 0120          
13100600 002 5 212 1365  970     065     90050 0050 10180 0120          
13100606 002 5 220 1350  965     070     90050 0050 10180 0120          
13100612 002 5 227 1335  955     075     90060 0060 10180 0120          
13100618 002 5 239 1318  945     080     90070 0070 10240 0150          
13100621 002 5 245 1310  940     085     90070 0070 10240 0150          
13100700 002 5 252 1302  935     090     90090 0090 10240 0150          
13100703 002 5 259 1292  935     090     10090 0070 10240 0150          
13100706 002 5 267 1287  935     090     10090 0070 10210 0150          
13100709 002 5 274 1280  935     090     90070 0070 10180 0120          
13100712 002 5 281 1277  935     090     90070 0070 10210 0120          
13100715 002 5 289 1273  935     090     90070 0070 10210 0120          
13100718 002 5 297 1271  945     080     90070 0070 20210 0120          
13100721 002 5 304 1271  945     080     90070 0070 20210 0120          
13100800 002 5 314 1270  960     070     90070 0070 20180 0120          
13100803 002 5 322 1273  965     065     10070 0050 10150 0120          
13100806 002 5 328 1276  970     065     10070 0050 10150 0120          
13100809 002 4 338 1286  975     060     10070 0040 10150 0120          
13100812 002 4 345 1295  980     055     10060 0030 10150 0120         #
13100815 002 4 349 1304  985     050     00000 0000 10150 0120          
13100818 002 3 356 1316  985     045     00000 0000 20120 0090          
13100821 002 3 365 1329  990     045     00000 0000 20120 0090          
13100900 002 6 380 1350  992     000                                    
13100906 002 6 379 1358 1002     000                                    
66666 1325  033 0030 1325 0 6                 NARI              20131118
13100812 002 2 140 1316 1004     000                                    
13100818 002 2 141 1311 1004     000                                    
13100900 002 2 141 1303 1004     000                                    
13100906 002 2 142 1295 1000     000                                    
13100912 002 3 145 1289  998     035     00000 0000 90130 0130          
13100918 002 3 148 1283  994     040     00000 0000 90130 0130          
13101000 002 3 151 1278  992     045     00000 0000 90150 0150          
13101006 002 4 153 1269  990     050     00000 0000 90150 0150          
13101012 002 4 153 1261  980     060     90040 0040 80180 0150          
13101018 002 5 153 1254  975     065     90040 0040 80180 0150          
13101100 002 5 153 1245  970     070     90050 0050 80180 0150          
13101106 002 5 153 1233  970     070     90050 0050 80180 0150          
13101112 002 5 154 1224  970     070     90050 0050 80180 0150          
13101118 002 5 155 1205  975     065     90050 0050 80180 0150          
13101200 002 5 152 1190  975     065     90050 0050 80180 0150          
13101206 002 5 152 1182  970     070     90050 0050 80180 0150          
13101212 002 5 150 1170  970     070     90050 0050 80180 0150          
13101218 002 5 151 1157  965     075     90060 0060 80210 0150          
13101300 002 5 153 1147  965     075     90060 0060 80210 0150          
13101306 002 5 153 1136  965     075     90060 0060 80210 0180          
13101312 002 5 152 1128  965     075     90070 0070 80210 0180          
13101318 002 5 153 1121  965     075     90070 0070 90210 0210          
13101400 002 5 155 1113  965     075     90060 0060 90210 0210          
13101406 002 5 159 1107  965     075     90060 0060 80180 0150          
13101412 002 5 163 1100  970     070     90050 0050 80180 0150          
13101418 002 5 160 1092  975     065     90040 0040 80180 0150          
13101500 002 4 155 1084  985     050     00000 0000 90150 0150          
13101506 002 3 155 1075  994     040     00000 0000 20150 0100          
13101512 002 3 154 1064  998     035     00000 0000 20150 0100          
13101518 002 2 154 1051 1000     000                                    
13101600 002 2 155 1041 1004     000                                    
13101606 002 2 158 1033 1004     000                                    
13101612 002 2 165 1024 1006     000                                    
66666 1326  043 0031 1326 1 0                WIPHA              20131118
13100900 002 2 140 1490 1004     000                                    
13100906 002 2 138 1481 1002     000                                    
13100912 002 2 135 1470 1004     000                                    
13100918 002 2 135 1462 1002     000                                    
13101000 002 2 135 1456 1002     000                                    
13101006 002 2 139 1447 1000     000                                    
13101012 002 3 138 1437  998     035     00000 0000 90200 0200          
13101018 002 3 135 1428  996     035     00000 0000 90200 0200          
13101100 002 3 137 1421  994     040     00000 0000 90200 0200          
13101106 002 3 142 1407  992     045     00000 0000 90240 0240          
13101112 002 4 147 1405  990     050     00000 0000 90240 0240          
13101118 002 4 154 1398  985     055     90050 0050 40270 0240          
13101200 002 4 161 1392  980     060     90070 0070 40270 0240          
13101206 002 4 167 1388  980     060     90090 0090 40300 0270          
13101212 002 5 173 1384  970     065     90090 0090 40350 0300          
13101218 002 5 179 1379  960     070     90090 0090 90350 0350          
13101300 002 5 184 1374  955     075     90110 0110 90400 0400          
13101306 002 5 191 1371  950     080     90110 0110 70450 0350          
13101312 002 5 198 1364  930     090     90110 0110 70450 0350          
13101318 002 5 205 1360  930     090     90110 0110 70450 0350          
13101400 002 5 218 1355  935     085     90120 0120 70450 0350          
13101406 002 5 230 1349  940     080     90120 0120 80400 0350          
13101412 002 5 242 1343  940     080     90120 0120 80400 0350          
13101418 002 5 254 1339  945     075     90140 0140 10400 0350          
13101500 002 5 267 1339  945     075     90150 0150 10400 0350          
13101506 002 5 285 1347  945     075     90150 0150 10400 0350          
13101509 002 5 294 1354  945     075     90150 0150 10400 0350          
13101512 002 5 304 1365  950     070     10180 0150 10400 0350          
13101515 002 5 316 1374  950     070     10180 0150 20450 0350          
13101518 002 5 328 1386  950     070     10180 0150 20450 0350          
13101521 002 5 344 1403  955     070     10180 0120 20450 0350          
13101600 002 5 362 1418  960     070     10180 0120 20450 0350          
13101603 002 4 384 1436  965     060     10240 0150 20450 0350          
13101606 002 6 410 1460  968     000                                    
13101612 002 6 436 1486  964     000                                    
13101618 002 6 477 1545  958     000                                    
13101700 002 6 501 1576  960     000                                    
13101706 002 6 517 1619  964     000                                    
13101712 002 6 526 1644  964     000                                    
13101718 002 6 533 1692  964     000                                    
13101800 002 6 535 1732  964     000                                    
13101806 002 6 544 1786  964     000                                    
13101812 002 6 547 1825  968     000                                    
66666 1327  055 0032 1327 0 6            FRANCISCO              20131120
13101512 002 2 138 1489 1008     000                                    
13101518 002 2 134 1470 1004     000                                    
13101600 002 2 127 1455 1004     000                                    
13101606 002 3 121 1444 1000     035     00000 0000 90120 0120          
13101612 002 3 113 1435  996     040     00000 0000 90120 0120          
13101618 002 4 108 1430  990     050     00000 0000 90150 0150          
13101700 002 4 110 1428  985     055     90040 0040 40210 0150          
13101706 002 5 114 1428  975     065     90050 0050 40210 0150          
13101712 002 5 120 1429  970     070     90050 0050 40210 0150          
13101718 002 5 130 1426  965     075     90060 0060 90180 0180          
13101800 002 5 138 1422  950     085     90060 0060 90180 0180          
13101806 002 5 142 1420  935     095     90060 0060 90180 0180          
13101812 002 5 152 1419  930     100     90060 0060 90180 0180          
13101818 002 5 159 1411  920     105     90060 0060 90180 0180          
13101900 002 5 162 1404  920     105     90060 0060 80180 0150          
13101906 002 5 167 1397  920     105     90060 0060 80180 0150          
13101912 002 5 171 1391  920     105     90060 0060 80180 0150          
13101918 002 5 174 1383  920     105     90070 0070 80210 0180          
13102000 002 5 178 1377  920     105     90070 0070 80240 0210          
13102006 002 5 183 1373  925     100     90070 0070 80240 0210          
13102012 002 5 187 1369  925     100     90070 0070 80240 0210          
13102018 002 5 193 1367  935     095     20090 0070 80240 0210          
13102100 002 5 197 1362  940     090     20090 0070 80240 0210          
13102106 002 5 203 1359  940     090     20090 0070 80240 0210          
13102112 002 5 210 1356  940     090     20090 0070 80240 0210          
13102118 002 5 216 1352  940     090     10100 0080 80240 0210          
13102200 002 5 223 1345  945     085     10100 0080 80240 0210          
13102206 002 5 228 1337  945     085     10100 0080 80240 0210          
13102212 002 5 232 1330  945     085     90090 0090 80240 0180          
13102218 002 5 235 1322  945     085     90090 0090 80240 0180          
13102300 002 5 239 1312  950     080     90090 0090 80240 0180          
13102306 002 5 243 1305  955     075     90090 0090 80240 0210          
13102309 002 5 244 1304  955     075     90090 0090 80240 0210          
13102312 002 5 246 1301  955     070     90090 0090 80240 0210          
13102315 002 5 247 1301  955     070     90090 0090 80240 0210          
13102318 002 5 249 1299  960     070     10100 0080 80240 0210          
13102321 002 5 250 1298  960     070     10100 0080 80240 0210          
13102400 002 5 251 1297  960     065     10100 0080 10240 0210          
13102403 002 5 254 1298  960     065     10100 0080 10240 0210          
13102406 002 5 257 1299  960     065     10100 0080 10240 0210          
13102409 002 5 259 1301  960     065     10100 0080 10240 0210          
13102412 002 5 261 1302  960     065     10100 0080 10240 0210          
13102415 002 5 265 1304  960     065     10100 0080 10240 0210          
13102418 002 4 269 1307  965     060     20090 0070 90210 0210          
13102421 002 4 274 1312  965     060     20090 0070 90210 0210          
13102500 002 4 276 1317  965     060     20090 0070 90210 0210          
13102506 002 4 287 1329  965     060     20090 0070 20210 0180          
13102512 002 4 296 1347  970     060     90070 0070 30210 0180          
13102515 002 4 300 1359  970     060     90070 0070 30210 0180          
13102518 002 4 311 1374  970     060     90070 0070 30210 0180          
13102521 002 4 314 1385  975     055     90070 0070 30210 0180          
13102600 002 4 318 1399  980     050     00000 0000 30210 0180          
13102603 002 4 322 1416  980     050     00000 0000 30210 0180          
13102606 002 6 330 1442  984     000                                    
13102612 002 6 365 1494  988     000                                    
66666 1328  040 0034 1328 1 0               LEKIMA              20131120
13101900 002 2 093 1624 1008     000                                    
13101906 002 2 091 1623 1006     000                                    
13101912 002 2 088 1620 1006     000                                    
13101918 002 2 091 1617 1004     000                                    
13102000 002 2 094 1615 1004     000                                    
13102006 002 2 100 1612 1004     000                                    
13102012 002 2 104 1609 1004     000                                    
13102018 002 3 109 1610 1000     035     00000 0000 90120 0120          
13102100 002 3 114 1610  998     040     00000 0000 90120 0120          
13102106 002 4 122 1607  990     050     00000 0000 90120 0120          
13102112 002 4 131 1601  985     055     90050 0050 10150 0120          
13102118 002 4 138 1591  980     055     90050 0050 10240 0150          
13102200 002 4 151 1582  975     060     90050 0050 10240 0150          
13102206 002 5 162 1568  955     080     90060 0060 10240 0150          
13102212 002 5 171 1554  930     100     90080 0080 10210 0150          
13102218 002 5 180 1540  915     110     90080 0080 10210 0150          
13102300 002 5 186 1522  905     115     90080 0080 10210 0150          
13102306 002 5 190 1509  905     115     90080 0080 10210 0150          
13102312 002 5 194 1498  905     115     90080 0080 10210 0150          
13102318 002 5 198 1487  905     115     90080 0080 10210 0150          
13102400 002 5 206 1476  905     115     90090 0090 10210 0180          
13102406 002 5 214 1465  905     115     90090 0090 10210 0180          
13102412 002 5 224 1456  915     105     90090 0090 10210 0180          
13102418 002 5 236 1447  915     105     20100 0080 20240 0180          
13102500 002 5 250 1443  920     100     20100 0080 20240 0150          
13102506 002 5 269 1444  920     100     20100 0080 20240 0150          
13102512 002 5 292 1450  935     090     20100 0080 20240 0150          
13102518 002 5 317 1467  945     085     30110 0070 30240 0150          
13102600 002 5 343 1493  960     075     30110 0070 30240 0150          
13102606 002 5 368 1524  960     075     30110 0070 30240 0150          
13102612 002 6 390 1550  980     000                                    
13102618 002 6 402 1581  980     000                                    
13102700 002 6 404 1611  980     000                                    
13102706 002 6 408 1648  980     000                                    
13102712 002 6 409 1694  984     000                                    
13102718 002 6 408 1728  984     000                                    
13102800 002 6 407 1756  988     000                                    
13102806 002 6 417 1769  988     000                                    
13102812 002 6 427 1797  990     000                                    
13102818 002 6 435 1811  992     000                                    
66666 1329  033 0035 1329 0 6                KROSA              20131120
13102718 002 2 129 1423 1006     000                                    
13102800 002 2 139 1405 1008     000                                    
13102806 002 2 146 1388 1006     000                                    
13102812 002 2 154 1372 1008     000                                    
13102818 002 2 155 1357 1006     000                                    
13102900 002 2 154 1345 1004     000                                    
13102906 002 2 155 1334 1002     000                                    
13102912 002 2 158 1324 1004     000                                    
13102918 002 3 161 1311 1000     035     00000 0000 80150 0120          
13103000 002 3 164 1298  996     040     00000 0000 80150 0120          
13103006 002 3 169 1284  994     045     00000 0000 80150 0120          
13103012 002 4 172 1268  992     050     00000 0000 80150 0120          
13103018 002 4 175 1254  990     055     90030 0030 80150 0120          
13103100 002 4 176 1242  985     060     90050 0050 80150 0120          
13103106 002 5 180 1231  980     065     90050 0050 80150 0120          
13103112 002 5 183 1218  975     070     90050 0050 80150 0120          
13103118 002 5 185 1206  975     070     90050 0050 80150 0120          
13110100 002 5 189 1193  975     070     90050 0050 80150 0120          
13110106 002 5 191 1182  975     070     90050 0050 80150 0120          
13110112 002 5 194 1173  975     070     90050 0050 80150 0120          
13110118 002 5 194 1164  970     075     90050 0050 80150 0120          
13110200 002 5 196 1159  970     075     90050 0050 80150 0120          
13110206 002 5 199 1154  970     075     90050 0050 80150 0120          
13110212 002 5 201 1150  975     070     90050 0050 80150 0120          
13110218 002 5 202 1148  980     065     90050 0050 80150 0090          
13110300 002 4 203 1147  985     060     90050 0050 80150 0090          
13110306 002 4 203 1143  990     055     90030 0030 80150 0090          
13110312 002 3 198 1138  994     045     00000 0000 70120 0090          
13110318 002 3 191 1133  996     040     00000 0000 70120 0090          
13110400 002 3 186 1124 1000     035     00000 0000 70120 0090          
13110406 002 2 177 1112 1004     000                                    
13110412 002 2 168 1100 1008     000                                    
13110418 002 2 156 1090 1010     000                                    
66666 1330  033 0036 1330 0 6               HAIYAN              20131218
13110306 002 2 058 1572 1004     000                                    
13110312 002 2 061 1555 1008     000                                    
13110318 002 2 061 1533 1004     000                                    
13110400 002 3 061 1522 1002     035     00000 0000 90060 0060          
13110406 002 3 062 1504 1000     035     00000 0000 90060 0060          
13110412 002 3 063 1488  998     040     00000 0000 90100 0100          
13110418 002 3 065 1472  992     045     00000 0000 90120 0120          
13110500 002 4 065 1459  985     055     90030 0030 90120 0120          
13110506 002 4 065 1446  980     060     90040 0040 90120 0120          
13110512 002 5 069 1429  975     065     90050 0050 90150 0150          
13110518 002 5 071 1413  965     075     90060 0060 90150 0150          
13110600 002 5 073 1397  950     085     90060 0060 10180 0150          
13110606 002 5 076 1380  930     095     90060 0060 10180 0150          
13110612 002 5 079 1362  920     105     90070 0070 10200 0150          
13110618 002 5 082 1344  905     115     90070 0070 10200 0150          
13110700 002 5 087 1328  905     115     90070 0070 10200 0150          
13110706 002 5 093 1311  905     115     90070 0070 10230 0150          
13110712 002 5 102 1291  895     125     90080 0080 80250 0180          
13110718 002 5 106 1269  895     125     90080 0080 80250 0180          
13110800 002 5 110 1248  910     110     90070 0070 80250 0180          
13110806 002 5 114 1225  940     090     90070 0070 80270 0180          
13110812 002 5 119 1205  940     090     90070 0070 10270 0180          
13110818 002 5 122 1180  940     090     90080 0080 10270 0180          
13110900 002 5 123 1166  940     090     90080 0080 10240 0180          
13110906 002 5 135 1148  940     090     90080 0080 10240 0180          
13110912 002 5 144 1131  945     085     90080 0080 10240 0180          
13110918 002 5 154 1114  950     080     90080 0080 10240 0180          
13111000 002 5 165 1103  955     075     90080 0080 10240 0180          
13111006 002 5 179 1090  960     070     90080 0080 10240 0180          
13111012 002 5 194 1080  965     065     90080 0080 10200 0150          
13111018 002 4 204 1075  975     060     90050 0050 90150 0150          
13111100 002 3 215 1071  990     040     00000 0000 90120 0120          
13111106 002 2 224 1077 1004     000                                    
66666 1331  016 0038 1331 0 6                PODUL              20131218
13111112 002 2 055 1299 1000     000                                    
13111118 002 2 065 1281 1000     000                                    
13111200 002 2 077 1266 1004     000                                    
13111206 002 2 084 1255 1002     000                                    
13111212 002 2 093 1241 1004     000                                    
13111218 002 2 096 1217 1002     000                                    
13111300 002 2 100 1200 1006     000                                    
13111306 002 2 104 1182 1002     000                                    
13111312 002 2 110 1171 1004     000                                    
13111318 002 2 115 1162 1004     000                                    
13111400 002 2 122 1152 1004     000                                    
13111406 002 2 119 1129 1004     000                                    
13111412 002 3 119 1117 1002     035     00000 0000 70120 0090          
13111418 002 3 118 1104 1002     035     00000 0000 70120 0090          
13111500 002 2 115 1084 1006     000                                    
13111506 002 2 111 1071 1006     000                                    
